6
16
0.44698076527593883 0.09914566276568025 3
0.5990306045641864 0.1178887564873502 3
0.3144194714911401 0.2226945272165745 3
0.4449825779416615 0.22013375977865143 3
0.5951302924537976 0.2233736907870893 3
0.7281959199478596 0.2529080773432402 3
0.27177835161799985 0.3662219703485537 3
0.6003481999015691 0.34567528030493827 3
0.43990794016047524 0.3410394290810714 3
0.765612785172733 0.43513480941644905 3
0.27390475246860024 0.47493430760327116 3
0.4353357096383393 0.5856586122760696 3
0.20736205934637666 0.6067285979251716 3
0.7222347446981183 0.573178907346519 3
0.33676850023694244 0.7497845603696532 3
0.6047482804233981 0.702355028316305 3